       3.782545 
      -5.241465 
      -6.909216 
      -5.788530 
      65.587606 
      90.846534 
      10.370141 
      45.792785 
      48.507286 
       0.000000 
       0.000000 
       0.000000 
      41.550528 
     -20.572459 
     -39.940646 
     -10.789457 
      61.228690 
     -38.638732 
     -77.328175 
     -51.823959 
    -209.449412 
      95.639152 
     128.256510 
     128.972494 
     -79.686105 
      46.636418 
     -65.875888 
      -8.926152 
     -51.041609 
     160.223936 
       0.000000 
       0.000000 
       0.000000 
      81.528161 
      -9.328324 
     -36.318280 
      97.745702 
       9.149075 
      -0.964752 
    -115.326647 
      61.460632 
      70.369727 
     127.058700 
       1.998024 
     -86.583195 
     -25.917521 
      47.890010 
     -20.973999 
      22.515328 
     148.026957 
      24.530324 
     -15.378475 
      10.853537 
      -7.585499 
      42.426380 
      91.099144 
     -90.577031 
     -55.088985 
     -55.821883 
      24.234577 
      46.849841 
      48.952660 
      12.597010 
     -58.385973 
     -24.284051 
      15.013071 
       4.454188 
      17.300344 
     -19.319526 
      23.765959 
      40.461432 
       3.368541 
      61.301524 
      17.029908 
    -110.897454 
       7.740278 
      11.606662 
     -86.526220 
     -35.771944 
     -22.124660 
     155.987751 
    -100.032816 
     -69.493371 
     178.824680 
     -24.364217 
       9.800256 
      42.030019 
      12.890555 
       4.415476 
     -33.781315 
      -2.295309 
      -5.719009 
      -3.758922 
      28.614443 
      18.715620 
     -58.136567 
       0.000000 
       0.000000 
       0.000000 
      86.340854 
      57.189517 
     -39.990012 
     -51.573392 
      49.629137 
     -58.297914 
      23.960067 
    -148.958777 
    -106.552426 
       0.000000 
       0.000000 
       0.000000 
      91.977982 
     -58.350922 
      44.022150 
       0.000000 
       0.000000 
       0.000000 
     -33.848191 
       2.661006 
      -9.182334 
      -8.061045 
     -35.728806 
      38.744226 
     -49.564976 
     -52.039084 
       3.307113 
    -145.044132 
      92.928524 
    -114.109819 
       9.162663 
      15.458612 
     -12.637123 
     -19.254254 
       2.934238 
      -5.123273 
      64.396620 
      23.430830 
       3.252300 
       0.000000 
       0.000000 
       0.000000 
      16.330443 
     -83.676835 
      41.777262 
     124.646770 
      -9.741549 
       6.491020 
     -20.034346 
     -44.730237 
     -90.865049 
    -140.346437 
      37.338032 
     152.281262 
    -114.770078 
    -118.867853 
      17.837403 
    -146.394592 
     -44.540434 
     101.846345 
      31.990666 
      39.223056 
      26.467263 
     -24.730268 
     -59.273097 
      55.520249 
     -79.754428 
       0.533693 
      37.256521 
     -39.470967 
     -26.879734 
     -60.869620 
       0.000000 
       0.000000 
       0.000000 
       0.000000 
       0.000000 
       0.000000 
       5.066008 
       5.900197 
     -20.300225 
     -12.624639 
      20.645371 
      -7.521205 
      15.011422 
      -9.052816 
     -32.698831 
      -2.450686 
      29.091035 
       5.569810 
     -97.592111 
       3.061619 
      47.741416 
     -77.944707 
       4.980895 
      30.754798 
      24.649712 
      15.180430 
     -56.650502 
      29.182294 
     126.393363 
     110.152453 
     -11.988178 
      -6.360731 
      34.015168 
     -37.757146 
      -0.080646 
      -2.956211 
      67.339110 
    -172.584071 
     -21.639016 
       0.000000 
       0.000000 
       0.000000 
     -69.382584 
      75.347084 
      39.263521 
     -35.084249 
      89.508593 
      54.090115 
       0.000000 
       0.000000 
       0.000000 
      72.238704 
      21.922132 
      24.208470 
      -0.574009 
      92.416849 
    -143.057331 
     133.685012 
     -64.446566 
      42.816329 
      -4.002685 
      54.720479 
      51.676864 
     -96.674952 
     -32.700137 
      48.888425 
     138.993261 
     -72.704207 
      -1.888190 
      31.181575 
     -32.297392 
      12.385833 
      -3.085048 
       1.126641 
       0.914283 
      -6.202426 
      69.662255 
     -97.151453 
     -26.311879 
     -37.433720 
      14.942529 
       0.000000 
       0.000000 
       0.000000 
     -39.011164 
       5.658635 
      -0.712829 
      -3.692996 
       0.125315 
       0.608014 
       1.781300 
      42.098397 
      25.573422 
      47.607138 
      40.138925 
      -9.018094 
     -71.721802 
    -171.573014 
     104.608035 
      43.740861 
      38.940228 
     -69.332993 
     113.670759 
     -47.893874 
      49.029792 
     -19.666187 
     119.374091 
     -44.832980 
     -11.415322 
       7.343761 
       5.500123 
     107.850249 
     -14.077400 
     -50.297803 
      69.357450 
      45.440011 
      23.850635 
     -36.417380 
     105.493117 
     -55.804552 
    -125.174384 
      32.013127 
      57.121467 
     -59.961554 
     -79.246357 
      39.370097 
    -107.429447 
     -23.171488 
      21.541212 
    -113.711715 
      32.083597 
      37.816265 
    -158.527554 
      23.612178 
     217.722954 
      11.362201 
      36.944245 
     125.709133 
      -5.066008 
      -5.900197 
      20.300225 
     -13.292042 
     133.656507 
      17.685763 
       0.000000 
       0.000000 
       0.000000 
     -45.725892 
     -81.499929 
     -47.322813 
     -29.272281 
      77.798721 
     -83.636776 
     -39.817693 
      73.949724 
      83.346556 
     -23.068615 
     -31.865544 
      49.573047 
      -1.367662 
      -9.739164 
     -20.864981 
      60.579657 
     -13.637281 
      11.185149 
     122.168383 
     -69.672842 
     -43.238849 
      85.022534 
      -6.128578 
       1.024416 
     -30.403776 
     112.585907 
       7.292964 
       8.633711 
      -0.167876 
      -1.687466 
      -6.778360 
     -39.202293 
     -11.216162 
       0.092594 
     -10.317128 
     -35.489603 
     -38.589252 
      -8.741940 
     119.408931 
      54.156911 
      99.066564 
    -103.147421 
     113.722553 
     111.510017 
     -26.860545 
    -149.802830 
    -152.798289 
      38.867069 
      20.954401 
      -3.684101 
       0.750570 
      18.490209 
       7.232406 
     -33.943324 
     -51.008288 
      15.178806 
     -30.396419 
       0.000000 
       0.000000 
       0.000000 
     -87.531434 
     -52.771005 
     -29.204681 
       0.000000 
       0.000000 
       0.000000 
     -77.623698 
     -11.546176 
     -28.214576 
     -46.623299 
     -52.512175 
     182.046580 
      19.221007 
    -118.989705 
      44.691900 
      19.181222 
       0.474122 
      -8.369758 
      -5.310397 
      46.881844 
      88.031344 
     -11.864672 
     117.156576 
     157.666087 
      99.398318 
      -4.619567 
      55.769821 
       0.000000 
       0.000000 
       0.000000 
      24.384663 
     -34.932500 
     -89.508078 
     129.943935 
      36.236187 
      25.425923 
     -17.336911 
     -31.801511 
      35.399805 
     -45.806138 
     -37.055534 
      87.368989 
     -76.383773 
     -49.957751 
     -99.523367 
      -7.627120 
       3.386844 
       4.552304 
      -5.469667 
     -15.583927 
      12.029109 
     126.987278 
     -53.080353 
      -1.315968 
      85.790346 
       9.500068 
      26.106612 
       0.000000 
       0.000000 
       0.000000 
     -44.325752 
     -30.572923 
      33.133440 
     -14.004576 
     107.360089 
     -28.557202 
      -4.678442 
      -0.215599 
     -22.177480 
    -233.852356 
      60.557589 
      19.687458 
     -53.537477 
      44.426157 
     -11.655482 
       0.000000 
       0.000000 
       0.000000 
      65.615372 
      59.873935 
     -65.349905 
     -49.078140 
      11.014167 
    -155.675691 
      18.102400 
     177.006702 
     166.889714 
     -41.278360 
       1.777094 
     -44.451097 
       2.480558 
      11.194277 
       1.350600 
      56.461966 
       4.663895 
     -22.852727 
      65.143748 
      58.353015 
     -63.508416 
      46.956796 
     -48.383541 
    -104.470871 
       0.000000 
       0.000000 
       0.000000 
      47.762390 
      -3.485016 
      -8.155783 
      -1.874267 
      -0.036688 
       4.695714 
     -50.507091 
      53.863082 
      17.188319 
     -31.351053 
      53.469615 
     118.435781 
      47.025093 
      -8.566183 
      10.447100 
     -36.427916 
       7.164167 
    -127.026579 
     -68.394709 
      44.213680 
     -90.116037 
     -28.068145 
      83.630845 
       7.220527 
     216.795010 
      86.940959 
      79.753227 
      -7.436655 
     -41.632341 
      38.190685 
       0.000000 
       0.000000 
       0.000000 
     -40.163088 
     129.953063 
    -209.842676 
      -9.764361 
     -49.224483 
      49.068143 
     156.353808 
    -183.615690 
    -102.344370 
      43.918967 
       1.697208 
      74.011817 
      11.389437 
     136.292048 
     -18.479146 
     -84.667901 
    -124.408095 
      11.332793 
      -2.780000 
       7.644617 
     -27.459630 
      50.677644 
      67.085554 
      55.294784 
       2.318220 
      -8.563782 
      13.068502 
      12.341340 
      60.148163 
       3.237322 
     -19.344107 
      55.334236 
    -127.349425 
      43.921217 
     -61.854206 
     -71.045323 
     -21.371842 
     -53.588269 
     -55.340517 
     -89.425418 
      22.017233 
     -66.532596 
      11.847270 
      27.929525 
      39.087999 
      -9.745084 
     -63.909593 
     -56.031198 
       2.755404 
      30.639698 
     -92.485115 
      19.785453 
      -2.126142 
      20.188694 
     -41.191962 
      94.994860 
     -20.869638 
     -51.782283 
      35.661461 
     181.119699 
       0.000000 
       0.000000 
       0.000000 
     -72.311728 
      -9.883511 
     -47.221939 
      55.847328 
    -102.433442 
       7.938398 
      16.143194 
      17.303557 
    -128.449350 
      64.818046 
     -39.666204 
      20.937935 
     -17.612646 
     -67.196484 
     -99.169811 
      18.555216 
       9.957200 
      19.637359 
      -3.404363 
      65.571427 
     -33.730999 
       5.988497 
     -16.858718 
      -9.110826 
      14.344470 
      -9.563065 
      75.687274 
    -187.872333 
    -159.676974 
     138.410713 
     -78.773353 
      14.454125 
      12.526718 
      41.278360 
      -1.777094 
      44.451097 
      46.094540 
    -194.592063 
    -106.824841 
     -58.954381 
      94.393366 
     -12.085549 
      50.700621 
      34.932354 
       3.010057 
    -103.143745 
     -84.759015 
     -35.602203 
       6.720483 
     -38.743346 
     -71.401922 
       3.610267 
       1.426959 
       3.039382 
    -100.463607 
       5.232299 
     -45.886246 
      84.034274 
      26.270700 
     101.303040 
      44.553941 
    -195.065558 
    -104.112148 
       6.156664 
     -20.543587 
      61.288317 
       0.000000 
       0.000000 
       0.000000 
     158.934394 
      -4.972626 
    -317.745290 
     -23.258629 
     -65.214856 
      -7.769612 
      -5.205632 
       2.167024 
       1.231781 
      12.533910 
      29.628436 
      -6.196282 
      53.801647 
     -43.802380 
     160.240858 
     -50.342469 
      35.484055 
      31.787759 
      86.470483 
     130.092248 
      86.281770 
      -2.306283 
     -16.189401 
      -3.606213 
       0.000000 
       0.000000 
       0.000000 
       0.000000 
       0.000000 
       0.000000 
     119.847205 
      68.525945 
       5.249434 
     -70.841038 
     -55.066806 
      33.979890 
     -26.845307 
      23.630620 
     -11.451716 
      75.020724 
     156.463904 
     221.097152 
    -106.320849 
      90.296773 
     -22.100908 
      69.385579 
      40.596005 
      18.619128 
     -52.429933 
     -36.798717 
      -6.319870 
    -118.032023 
       1.639225 
     103.452779 
     -57.998768 
      11.746919 
     -12.920517 
     -43.064115 
     -10.063074 
     -71.101782 
     100.055453 
     -76.591397 
    -140.358145 
       8.558541 
      -7.907625 
      -2.247554 
      73.678721 
      90.549635 
     -33.616352 
     -15.978718 
     -11.801705 
     -15.891861 
       9.659257 
     -46.527073 
     -49.745419 
     -57.704269 
    -172.663268 
      65.237990 
       1.581020 
    -153.273991 
     -24.122954 
      37.239155 
      57.690997 
      22.392590 
       0.000000 
       0.000000 
       0.000000 
    -137.153223 
     -91.199751 
     -61.446333 
      91.369185 
     154.553669 
      -2.397083 
       0.000000 
       0.000000 
       0.000000 
     -14.133621 
     -19.646724 
     -53.129078 
      11.893981 
      11.295964 
     -45.032288 
      -2.003061 
       7.142384 
       6.179115 
    -139.734984 
    -173.144808 
     127.530699 
     -67.339110 
     172.584071 
      21.639016 
      -0.357313 
      18.666092 
     -30.470092 
      18.866393 
     222.334642 
       1.427776 
     -21.959242 
      26.406299 
     -38.218177 
     -26.800569 
     -45.968833 
     -35.734160 
      -7.050209 
      -4.438617 
       3.990434 
     -93.251894 
     291.991357 
      28.406919 
     -29.561706 
       0.596583 
    -171.683169 
     -47.469306 
     -12.081518 
      47.656254 
     -35.284780 
     -82.932869 
       5.704265 
       2.946832 
     -20.879956 
     -74.032940 
     -27.753054 
    -114.563118 
      94.919812 
     -20.883046 
      -3.531958 
    -105.623192 
       0.000000 
       0.000000 
       0.000000 
     -79.178179 
      37.258972 
      62.041744 
      -5.312428 
      -9.876659 
     -59.907702 
    -196.882476 
     -19.142360 
      67.433566 
     -35.059708 
      -3.618455 
     -20.264950 
     109.419392 
     -41.032431 
    -195.842124 
      27.531270 
      38.097518 
      68.892373 
      -2.777472 
      35.037706 
      82.710604 
       0.030653 
      13.133551 
      -0.945075 
     103.951993 
      21.887437 
       7.684446 
     -78.364693 
    -100.302299 
      -3.433736 
     -14.242556 
      -2.615732 
     -83.532951 
      -2.400120 
     -16.012034 
      17.059205 
      24.527511 
     -78.045972 
      -7.664189 
     -23.736573 
      95.438444 
     -11.873848 
      10.639023 
     -26.814390 
      18.647959 
     185.091632 
      84.848517 
      76.588969 
     -17.092949 
     102.096983 
      52.773202 
       0.000000 
       0.000000 
       0.000000 
      -5.439742 
      -2.166253 
      -1.247707 
      49.999067 
      93.231958 
      55.532520 
       0.000000 
       0.000000 
       0.000000 
       6.340413 
      43.507631 
     -27.357223 
     -20.777863 
     119.080259 
     -17.969679 
      99.955191 
     111.174089 
      29.101734 
      55.591150 
     -25.735429 
      32.322116 
     -22.536358 
     -57.203971 
    -248.215226 
      29.410839 
     -28.309818 
     -60.062130 
       0.000000 
       0.000000 
       0.000000 
    -189.535877 
      53.742272 
      62.950722 
      -1.273866 
     -37.179180 
      27.283796 
      61.235597 
      -7.308242 
      27.525406 
      21.689181 
     -43.058014 
      22.430960 
     247.565965 
     -78.468239 
      -6.875948 
       0.000000 
       0.000000 
       0.000000 
      23.736573 
     -95.438444 
      11.873848 
     -47.365114 
     -12.146448 
      21.429770 
     -14.955933 
     -49.614387 
     -33.536760 
      64.655013 
    -123.703490 
      49.016870 
     -80.994520 
      49.836722 
     -22.852212 
       0.000000 
       0.000000 
       0.000000 
     -64.818046 
      39.666204 
     -20.937935 
       0.000000 
       0.000000 
       0.000000 
     -30.533706 
       3.669215 
     -82.152104 
       0.845487 
     -40.701766 
     -36.171206 
     -81.244816 
      21.809549 
     -26.154618 
     104.949385 
       7.802998 
     -15.393991 
      13.579550 
     -46.525969 
      -6.191209 
       0.000000 
       0.000000 
       0.000000 
      86.252464 
      13.497685 
     144.916526 
     -25.138108 
       7.518024 
      14.510915 
     190.927908 
     -17.784112 
     -58.354777 
    -108.097160 
      52.174618 
      72.317572 
     186.738531 
    -128.626507 
      11.109014 
     -39.805260 
     -17.030854 
      30.075188 
     -35.512983 
      12.471781 
     104.661654 
       1.020866 
       9.266139 
       0.315652 
     -18.301160 
      68.188030 
      57.354856 
      16.726281 
     -58.507197 
      80.067436 
     -42.464332 
      31.647198 
      24.194607 
      10.481969 
     -12.848729 
     -51.225598 
     -20.300366 
     -35.997983 
     197.432002 
    -107.150387 
     -40.661350 
     -17.752521 
      -6.174539 
      -1.497533 
      -1.813659 
      60.168008 
      27.296748 
      -9.634386 
    -111.623318 
     161.517399 
      52.414479 
     -80.038483 
    -117.173174 
      62.586448 
      22.557892 
      77.232600 
    -148.050971 
    -114.188641 
       4.027636 
      57.991721 
     108.974507 
      21.419170 
      88.990440 
     -13.517626 
      30.032379 
      48.309084 
      54.614092 
     -20.892278 
      86.368046 
     -46.956796 
      48.383541 
     104.470871 
     -18.767428 
      91.056984 
     -37.586383 
      68.754273 
      10.386517 
      -5.807468 
       3.505421 
       0.685078 
       5.944693 
       8.117619 
     -15.527028 
      -8.998293 
     101.485501 
      29.713960 
     -72.399774 
      12.387932 
       2.540631 
     -33.088999 
       0.000000 
       0.000000 
       0.000000 
      17.543781 
     -26.674466 
     -52.977136 
     -37.910972 
    -104.356709 
       4.171506 
    -207.331790 
     -27.533830 
     -40.905625 
       1.202720 
       0.556568 
      -0.262323 
      37.599455 
     -53.435249 
     -11.831902 
       7.889268 
      22.320724 
    -126.466173 
      86.041690 
     -14.559130 
     106.752406 
       0.000000 
       0.000000 
       0.000000 
      97.108026 
     -49.944827 
     114.889087 
     -21.949476 
      64.041440 
      18.713744 
      61.054450 
      -2.143934 
     -46.228773 
     -10.570015 
      16.887538 
      -4.787789 
     -41.035855 
      51.923458 
    -164.782723 
       6.142174 
     -45.379519 
     -33.417391 
      71.093417 
      39.765691 
      29.756749 
      37.051171 
     -80.126352 
       0.512783 
     -98.053344 
       5.384863 
      24.282702 
      24.418254 
      19.295932 
     -15.286162 
      16.142564 
     -53.271079 
     -13.090235 
     -19.289297 
      15.712977 
      49.250232 
     -57.859466 
     -65.864072 
    -183.067666 
      50.717110 
     -30.413634 
      41.217021 
    -135.452322 
      60.046070 
     -99.645513 
      58.783823 
     108.604897 
     -10.952967 
      -0.839486 
      -0.275616 
       0.992866 
      30.840969 
     -44.020329 
      80.243509 
     -44.209703 
     -91.620168 
       0.559446 
       0.000000 
       0.000000 
       0.000000 
      -6.991971 
      91.856633 
      43.366002 
      52.891974 
     -12.758341 
     -37.605427 
    -110.388199 
    -102.859974 
    -108.505377 
      75.363437 
     -72.210199 
      43.994252 
      -5.961138 
     -34.276251 
     -17.383186 
     -22.299982 
      33.539303 
      25.847207 
     116.767836 
      79.383338 
       8.998062 
      -8.421677 
      28.130116 
      30.210885 
      58.551306 
     -21.745296 
      96.270545 
       2.488434 
     -69.920429 
     -73.192630 
     -17.697133 
     173.810827 
     -56.243517 
      -9.246734 
      65.123263 
     -79.509279 
       0.051466 
       1.008907 
       1.089928 
     -33.698033 
      89.578576 
       2.117763 
      -3.183333 
      20.774745 
      17.663135 
       0.000000 
       0.000000 
       0.000000 
     -44.816379 
      37.534989 
     -13.228991 
       0.000000 
       0.000000 
       0.000000 
     -26.547186 
      69.707927 
      14.905698 
       0.901630 
      -5.038047 
       9.549213 
      22.915993 
    -143.074383 
     -77.169806 
      53.596750 
      54.891871 
     -26.670466 
    -204.344305 
     -63.791114 
     106.988970 
     197.035795 
      19.493623 
      76.193774 
     -55.557993 
      26.278364 
     -81.480956 
       3.929958 
    -107.751610 
     -40.315816 
      -6.670958 
      -0.137536 
       0.156838 
      -0.431566 
      -0.552912 
       0.455229 
      94.424063 
     136.432167 
    -152.294352 
       2.824997 
     -26.772089 
     -42.635851 
       0.000000 
       0.000000 
       0.000000 
    -499.944317 
     229.062524 
     193.411774 
    -102.498699 
     -36.894032 
       9.824181 
     -11.909494 
     -68.703448 
     -95.200171 
       4.211136 
      49.490496 
     -59.638708 
     -80.765932 
     -73.398987 
      19.788520 
     104.040749 
     -77.399297 
     -25.767117 
      45.831202 
      14.490131 
      29.339208 
     -35.851046 
      83.538462 
      -3.279204 
    -117.959573 
      18.795491 
      19.055649 
      55.651706 
     -17.400176 
      -3.645434 
     -11.194601 
     141.017511 
     -44.601193 
      18.763721 
      68.370986 
    -204.238946 
       3.793805 
     -96.949510 
       9.616761 
      -9.571906 
     -60.609268 
     -31.263189 
      46.772161 
      51.253129 
       4.252135 
      -3.461534 
      25.725150 
      57.657209 
      20.278319 
     -56.480135 
     -53.255737 
      40.719779 
     -20.452427 
      46.576754 
      89.152426 
      91.533897 
     -77.562509 
     -65.083980 
      82.943220 
      33.460511 
       0.000000 
       0.000000 
       0.000000 
       0.000000 
       0.000000 
       0.000000 
      45.370368 
      62.388885 
    -134.922770 
      -0.778415 
      11.169558 
      -4.418551 
     -96.254413 
      75.828074 
     -46.662589 
      53.884416 
     -62.631832 
      92.798114 
     -54.614092 
      20.892278 
     -86.368046 
       0.391212 
      11.042934 
      -4.931650 
      34.308702 
     -20.474088 
     -18.856260 
       0.000000 
       0.000000 
       0.000000 
     158.263877 
     -34.898952 
     132.343635 
      11.929264 
    -143.621257 
     -16.978131 
     -44.320193 
    -114.526276 
      52.370751 
     -78.231611 
      35.768776 
       2.406811 
       8.109425 
     -88.193016 
      34.310991 
      14.133621 
      19.646724 
      53.129078 
       0.000000 
       0.000000 
       0.000000 
       6.651051 
     -79.208096 
    -171.051805 
     -97.108026 
      49.944827 
    -114.889087 
     -64.381101 
     -79.448780 
       2.193439 
       0.000000 
       0.000000 
       0.000000 
     -48.297418 
     123.789065 
     294.665077 
       0.952130 
      77.422567 
      11.266804 
      15.047951 
     -55.429536 
      54.259599 
     116.277474 
      27.343276 
     -19.744190 
     -26.569569 
     -36.932897 
     -14.561022 
     -94.429694 
      51.341941 
     -63.157026 
      -1.324922 
      -1.972112 
       0.693201 
     -18.735071 
       4.159071 
      91.245028 
      12.746213 
      76.388513 
     -26.257207 
     -52.675466 
     -59.457571 
     117.121426 
      23.585878 
     -20.726378 
     -24.668596 
      -3.081770 
      57.920066 
     -16.031991 
     -70.261741 
     -67.541895 
     -51.844080 
       5.982444 
     -17.464904 
       0.211073 
       2.331360 
      -1.500894 
      -6.035234 
    -144.885126 
       6.577682 
      78.483747 
     -66.391161 
    -103.450666 
      21.268261 
      -0.175988 
      -0.801314 
      -0.336401 
      63.769691 
     -19.807881 
      96.043062 
       0.000000 
       0.000000 
       0.000000 
      78.557114 
      69.927780 
       7.410829 
      35.153031 
      -4.081100 
     -61.487879 
      26.739361 
     -17.622010 
     -51.976846 
      22.389680 
     -47.070701 
      16.714973 
     -36.379651 
     -17.336045 
     -31.725101 
      12.107067 
     -78.698016 
     -68.110943 
     -72.079968 
       5.048447 
       4.144741 
     -14.084733 
     -28.638871 
       2.111399 
      46.183194 
      95.603598 
    -117.360527 
     -81.216821 
     -41.217378 
      -4.970553 
       5.959625 
     -62.447708 
     -50.586416 
       0.000000 
       0.000000 
       0.000000 
     102.081179 
       8.684044 
    -249.873069 
       0.000000 
       0.000000 
       0.000000 
      45.064348 
      11.483366 
     -48.202611 
    -136.817677 
      67.800228 
      71.268440 
      75.555640 
     102.645749 
     -31.527251 
      61.322495 
      16.308621 
     -51.753302 
       0.000000 
       0.000000 
       0.000000 
     -58.699583 
      81.656117 
    -117.525666 
     -19.181222 
      -0.474122 
       8.369758 
      83.305057 
      -1.786782 
     -39.769610 
      44.027489 
      86.012264 
       9.381299 
       8.379016 
     -39.647765 
      35.129704 
      63.682858 
     -93.699647 
     -69.987801 
     -29.235667 
       7.881466 
      75.444596 
      40.564433 
     -42.520185 
      13.634717 
      66.099989 
       7.143904 
      59.850498 
     -36.811034 
     -88.402429 
    -113.155513 
       0.000000 
       0.000000 
       0.000000 
      -4.171406 
       2.305011 
      38.977932 
      74.317632 
      -5.231019 
      44.536139 
      13.267701 
     102.282752 
      29.811087 
     -50.700621 
     -34.932354 
      -3.010057 
     111.033376 
     -28.777415 
      48.404001 
       0.000000 
       0.000000 
       0.000000 
     -51.066438 
     -34.741772 
      58.397372 
     -10.944186 
      -2.477822 
      68.053038 
       0.000000 
       0.000000 
       0.000000 
     -16.909466 
     -55.586489 
      -3.760425 
      58.758248 
      37.968294 
    -114.225998 
     125.175990 
    -115.480250 
     -95.634059 
      11.975245 
      15.147073 
     -60.291930 
     -19.820094 
     -28.130053 
     -14.469697 
      20.182917 
    -120.768878 
     -36.196908 
     -58.448599 
      45.957264 
       2.923561 
     120.482633 
     104.222010 
     -75.362579 
      21.132718 
       8.693976 
     -17.215025 
     247.832254 
      30.805453 
      37.666816 
      29.493989 
      39.550220 
       6.723498 
     -62.333664 
      97.632450 
    -200.547518 
      78.528171 
     -72.896233 
      68.315886 
       0.036484 
      25.007414 
      62.687088 
     -73.782461 
    -188.082826 
      52.164094 
     132.066011 
      77.852952 
      92.560903 
       7.139708 
      14.851570 
       0.717469 
      -9.390119 
     -54.041373 
      19.249439 
    -198.275823 
     119.470345 
      68.431751 
    -103.347882 
    -102.648349 
     -53.722075 
      24.246492 
      76.889999 
     -68.470049 
       9.314022 
      50.351439 
      -6.039990 
     -21.228067 
      18.751218 
       5.580793 
     -43.215937 
     142.551697 
      44.607041 
      17.059475 
      47.508122 
      45.246003 
       8.960283 
       2.820542 
      18.516829 
      18.020181 
      55.228137 
      16.422893 
     -30.799222 
    -105.429690 
     -93.676823 
     -67.421570 
     -14.181703 
      20.402648 
     -63.587509 
      66.254453 
      81.622033 
       0.357313 
     -18.666092 
      30.470092 
     -31.006515 
     155.224927 
     150.930509 
      21.959242 
     -26.406299 
      38.218177 
     -36.446771 
     -21.663863 
     -26.808125 
       4.323572 
       2.186325 
      -1.882161 
      92.395457 
       5.434787 
     -16.939789 
     -61.748647 
      -1.024859 
      -1.641771 
    -201.231862 
      71.068484 
    -118.963532 
      -3.268716 
     -14.757095 
       7.793087 
       0.000000 
       0.000000 
       0.000000 
     113.818337 
     -40.057427 
      21.244389 
       9.390119 
      54.041373 
     -19.249439 
     -20.948404 
       1.429215 
      25.757504 
       0.000000 
       0.000000 
       0.000000 
     121.995436 
      12.437962 
      59.646411 
       0.000000 
       0.000000 
       0.000000 
      -2.350501 
      -1.986200 
       0.137246 
     -55.844643 
     -39.940723 
      62.358170 
      76.592740 
      42.287596 
     -69.911797 
      -0.435417 
      -0.645561 
       3.149250 
      73.263002 
    -267.649539 
     -15.715397 
      25.271372 
      23.691415 
     -92.182271 
     -29.451147 
     -76.797326 
     -94.253080 
      -1.229972 
      -1.307680 
       1.269321 
     293.262646 
       0.500951 
      29.468197 
     -21.350933 
    -177.374821 
     -33.746333 
      30.908160 
     -26.662822 
       0.032222 
      39.934880 
       8.112895 
      -4.002378 
       4.828055 
      -6.422096 
      -4.627230 
      27.763690 
     -66.266855 
     136.234130 
     -91.348446 
     128.621957 
     -35.860649 
      32.322158 
       3.668374 
       7.398716 
      14.485760 
      27.780326 
      11.650915 
     -20.443191 
     -25.046096 
      10.144210 
      89.947865 
     -27.175487 
    -163.195788 
      -2.445818 
     -24.771707 
      22.030522 
     -12.736728 
     -93.505082 
     121.471340 
    -113.787025 
      64.263357 
      46.855749 
    -168.446455 
    -191.610517 
      55.999347 
       6.989307 
      28.743039 
     -40.341735 
     -46.763757 
     -50.782639 
      79.242462 
     -43.917334 
      -8.415774 
     245.674160 
       2.226526 
       2.214953 
       4.302637 
     -52.372139 
      21.849436 
       5.785644 
       0.000000 
       0.000000 
       0.000000 
      98.209683 
      54.078173 
    -134.622925 
     -20.452551 
       0.206678 
      50.955018 
     -20.439801 
      11.932793 
       1.201635 
     -80.677732 
      62.309189 
     142.596544 
      14.330000 
      97.334824 
      10.997946 
      68.542946 
      44.468404 
      11.749509 
       0.000000 
       0.000000 
       0.000000 
     -34.516408 
      58.674545 
      29.042575 
     142.995997 
     230.046943 
     140.840157 
     -77.224102 
      21.821694 
      22.211433 
    -108.522083 
      38.355090 
      33.384234 
      41.814409 
     -21.747432 
     -60.309854 
      84.140037 
     -72.670865 
      15.730168 
      -8.416683 
      46.109694 
     -14.175406 
      77.973024 
     -12.898800 
     -68.075427 
      15.029868 
      83.583012 
      70.052481 
     118.571557 
    -125.402558 
     -27.213798 
       0.000000 
       0.000000 
       0.000000 
      75.617958 
     165.166050 
    -110.098994 
      85.036358 
    -221.770034 
     -98.857598 
     -47.048564 
     -56.167129 
      10.826524 
      10.491113 
     -48.838109 
      53.893057 
       0.243740 
       1.680649 
      -2.880708 
     -60.975583 
     -50.939430 
     -41.910867 
      17.651674 
    -113.388324 
     -47.062759 
    -163.480813 
     -72.603066 
      25.506927 
     164.236295 
     -66.353590 
    -153.767978 
      16.892941 
     -66.931538 
      -6.457159 
      47.238063 
      64.942355 
      15.922381 
       4.796633 
     -10.134427 
      51.017488 
       0.076694 
      72.855131 
      39.604865 
      17.837534 
    -209.750467 
     -47.680331 
      18.627393 
     -51.875684 
      37.134793 
      23.865462 
      95.679959 
     -14.093005 
      78.605121 
     -73.809114 
      14.140178 
     -97.919777 
       5.261066 
      -3.418366 
     -83.923171 
      33.006474 
      94.623489 
       0.000000 
       0.000000 
       0.000000 
       3.743255 
      -7.980177 
     -24.187788 
      -8.644897 
      26.059290 
     -23.616440 
      59.089148 
      42.274935 
     -17.216427 
      98.702004 
      40.552582 
      37.877790 
      10.674344 
       8.214772 
     -24.273884 
       7.001227 
       4.058065 
      32.583441 
      21.235608 
      20.901701 
      -5.509843 
    -123.257826 
      83.732154 
      20.542105 
      41.002079 
     -10.165870 
      72.822407 
     -92.162951 
     -41.118283 
    -137.945791 
    -149.739455 
    -205.346306 
      -6.947962 
      83.114557 
    -103.928406 
      79.885773 
      52.537697 
     -34.524226 
       2.937853 
       1.055663 
       3.247093 
    -120.236533 
      55.271403 
     -27.485520 
     -42.650919 
     -53.748158 
     -84.386892 
     160.998343 
      29.426713 
      74.885586 
    -209.424413 
      41.020725 
     -49.256591 
     161.876668 
      95.404773 
      79.595203 
     -54.988528 
     102.022560 
      54.868346 
      96.255736 
    -104.782185 
      21.359375 
     -45.863644 
      35.151826 
       6.873885 
     -29.295222 
    -195.432549 
     156.904498 
      81.358029 
      59.337267 
      77.849707 
     -25.750378 
     -80.927455 
     -28.220411 
     -17.389060 
      34.538220 
     -91.130658 
     -24.924086 
     -30.846531 
      86.057712 
     -97.767778 
      37.153727 
     -15.028236 
     -10.375682 
     273.237902 
      12.653276 
     -15.506362 
     -77.342455 
    -157.368018 
     -32.808831 
     -87.656621 
     -26.120906 
      29.532143 
      58.699583 
     -81.656117 
     117.525666 
    -117.067267 
     -46.626253 
      35.941652 
       0.000000 
       0.000000 
       0.000000 
     -74.001122 
      -5.572922 
      23.077027 
     -16.542091 
      24.018909 
      40.215044 
      51.287479 
     -40.749704 
      73.106463 
      84.661484 
     -15.679173 
    -140.823814 
       0.000000 
       0.000000 
       0.000000 
       7.658416 
     -43.145558 
      -2.070502 
      36.638338 
      -6.989292 
      31.069597 
       0.000000 
       0.000000 
       0.000000 
       0.000000 
       0.000000 
       0.000000 
      27.584784 
      -0.157403 
      16.444354 
     141.151160 
     -45.387296 
     -98.443636 
     125.334547 
     103.965443 
      62.189477 
       0.000000 
       0.000000 
       0.000000 
      -0.151590 
       0.232694 
       0.402393 
     -11.401247 
     -71.728236 
      81.283495 
      -6.821979 
     151.985294 
     -96.202979 
       8.535924 
      15.304376 
      33.488361 
     -78.282938 
      39.617786 
      45.050631 
      59.355027 
      41.008368 
     -10.808315 
     -56.226460 
     -60.161089 
     130.134889 
      30.277038 
      12.690129 
      47.497349 
       1.003071 
      -1.311986 
      24.008076 
       4.253446 
      -2.450110 
       0.275066 
      76.502637 
     -93.271520 
     -38.757159 
      64.839010 
     -68.922956 
     -85.698707 
    -117.912123 
     -75.535347 
     -12.984609 
       0.738334 
       1.297904 
      -1.957502 
       9.236589 
      13.585683 
       6.962245 
       5.561213 
      12.118050 
     -44.876647 
     -65.500108 
     124.002739 
     -53.814368 
     128.986253 
     123.797358 
    -116.053370 
     120.662018 
      74.053254 
     167.270396 
    -105.897710 
       6.798263 
     -97.647479 
      39.638189 
       0.575446 
     -39.550503 
     -34.232983 
      -0.670943 
     170.922223 
     -20.996918 
      42.375284 
     -32.777807 
     -22.138091 
      54.433594 
       8.438764 
    -241.773369 
     -69.045459 
    -178.503529 
    -170.434899 
     -68.443018 
      19.785865 
      86.302410 
      37.314201 
      20.817277 
     148.241370 
      14.062935 
      31.430213 
     -10.638196 
      27.981945 
       1.234232 
     -97.515434 
     -54.077285 
     -44.157983 
    -120.611399 
     -37.323246 
      -9.885087 
    -133.205476 
      82.602277 
      -7.314638 
       0.000000 
       0.000000 
       0.000000 
      66.581704 
     -37.144514 
      -2.330395 
      15.901573 
     -58.366099 
      15.261138 
      10.573583 
      13.651986 
      -6.226178 
      70.833187 
      22.159843 
      12.573347 
     -62.944040 
      -1.015662 
      53.414660 
     108.325852 
    -132.852333 
    -162.510194 
       8.416683 
     -46.109694 
      14.175406 
       2.068250 
       5.976884 
     -13.422337 
      63.821804 
    -327.775147 
      36.428242 
     -24.006062 
      25.684039 
     -11.580579 
      55.637197 
     -98.887566 
      16.524930 
       0.000000 
       0.000000 
       0.000000 
      46.459294 
     -35.246219 
     -29.885025 
      -4.008324 
     -46.530237 
      67.217002 
       9.678373 
       5.929660 
    -104.078510 
      77.944707 
      -4.980895 
     -30.754798 
      62.609824 
      31.742545 
      52.564103 
      42.878537 
       5.289018 
      -3.776321 
      47.447505 
     -55.377161 
     -91.272319 
     -28.582365 
     -79.563030 
      34.123471 
       0.765241 
     -89.956466 
      49.564713 
     -76.854574 
      56.977397 
      37.929302 
     -23.939678 
     -87.380191 
      31.391492 
      46.763757 
      50.782639 
     -79.242462 
      41.874164 
       4.400361 
      49.360036 
     -12.844393 
      15.326508 
       8.331543 
     -83.327216 
      -6.378671 
     163.294762 
      65.751895 
      -6.731987 
      48.405395 
      44.160803 
      61.023389 
    -105.907970 
     -58.361247 
      35.496041 
      80.823466 
      25.547466 
     191.400582 
      33.911372 
     -23.024869 
     -38.140703 
      39.826983 
       0.000000 
       0.000000 
       0.000000 
     -63.710109 
     101.668890 
     -27.371001 
      13.457750 
      59.961536 
     -87.417579 
     -75.054842 
      18.418260 
       4.692214 
      14.590873 
     -17.703926 
      20.417863 
      35.603694 
     -12.428332 
     102.104091 
      51.008288 
     -15.178806 
      30.396419 
      -2.793540 
      -5.473614 
     -12.249685 
      15.624733 
      -8.330199 
     -23.387336 
      44.891609 
      -0.028025 
     -48.076229 
     -57.192991 
      37.635399 
       5.226078 
      13.335625 
      -3.961165 
     113.443353 
     -22.666783 
      80.826247 
      19.623931 
     -92.207530 
      62.757070 
      32.316553 
       0.000000 
       0.000000 
       0.000000 
       0.117141 
      23.178455 
    -289.723058 
     -74.646065 
     -55.688046 
      20.875542 
       0.000000 
       0.000000 
       0.000000 
     -19.040296 
    -115.182841 
      63.640205 
       0.000000 
       0.000000 
       0.000000 
      94.720515 
     -10.153646 
      97.387109 
      90.002604 
      71.307501 
       2.515123 
       0.000000 
       0.000000 
       0.000000 
       2.644111 
      -4.735040 
     -43.898481 
       0.000000 
       0.000000 
       0.000000 
      42.351816 
      28.333577 
      18.363451 
      41.083281 
      -0.857264 
      -8.850316 
      -1.789658 
     -86.168704 
      51.830550 
     -16.992123 
     -70.099863 
     -24.569843 
      38.602771 
      -0.061382 
      73.302881 
     -34.759713 
      -1.223187 
      93.185035 
     -79.436632 
     -13.442409 
     -12.705637 
       0.000000 
       0.000000 
       0.000000 
     -19.991403 
       8.468291 
      -0.532114 
       3.662971 
      15.458173 
      24.623903 
      50.469447 
     -91.359694 
     -66.478848 
     -18.425961 
      23.457485 
     -24.454487 
      59.563266 
      62.051739 
     184.077214 
     -22.802549 
     -34.314112 
      30.304591 
      12.796195 
      18.969787 
     -22.019449 
       0.480404 
      18.063358 
      -1.979269 
     171.707653 
     151.999505 
      24.019694 
      16.072678 
     -28.043899 
      59.181395 
      13.997853 
      36.231080 
     -25.009454 
     132.092586 
      -4.241517 
      60.870068 
     -80.221874 
       1.281579 
      59.001748 
      35.099022 
     -32.263635 
     -29.254341 
      50.602830 
      47.581569 
     -11.376778 
      33.006098 
     241.632859 
     -30.410767 
     -38.051509 
    -154.310288 
     -25.304764 
    -131.809216 
      74.452801 
    -178.946733 
     -28.375605 
     -99.247590 
      60.287981 
     -12.796195 
     -18.969787 
      22.019449 
    -249.607399 
     -36.589250 
     -93.093475 
     -12.396300 
      76.374178 
     -68.309559 
       0.000000 
       0.000000 
       0.000000 
     -52.394183 
     200.306626 
     -23.183312 
      61.601634 
      31.604381 
    -123.950244 
     -23.859677 
     -96.627535 
     -16.235508 
     104.782185 
     -21.359375 
      45.863644 
      93.602363 
     -10.359859 
     -18.725121 
      -7.816991 
     -15.408948 
      15.827011 
       0.000000 
       0.000000 
       0.000000 
       0.000000 
       0.000000 
       0.000000 
     -60.228610 
     -37.944363 
     164.030194 
      42.763776 
     -21.958634 
     146.189711 
     -79.521486 
      67.137801 
    -138.619422 
     -65.350087 
    -151.246851 
     -17.816532 
     -54.300556 
       9.980505 
      -9.466170 
     -84.472798 
    -184.067768 
      15.130802 
     -37.201069 
      63.761350 
      89.065360 
     -71.443131 
      -1.564610 
     -95.736310 
     -33.117940 
      19.775157 
       8.238570 
       0.000000 
       0.000000 
       0.000000 
     -46.195408 
      -1.052877 
     -10.961428 
     -36.653698 
     -25.740022 
    -104.947455 
     -29.643286 
      24.021247 
     -11.979221 
     146.071908 
     -87.250252 
      12.424613 
      37.378651 
    -115.091568 
      92.504245 
       0.000000 
       0.000000 
       0.000000 
     -88.822567 
     -18.167292 
     -15.879799 
      25.596204 
     -15.471032 
      50.069370 
       0.000000 
       0.000000 
       0.000000 
      -0.524640 
    -121.506791 
    -156.392338 
      -7.747649 
     -42.505750 
     133.501708 
     -23.350402 
      22.657193 
     -23.958155 
      10.822201 
     -17.746938 
     140.393514 
     103.557781 
      -0.587710 
     -54.499346 
    -100.784464 
      -4.785475 
      43.007925 
     -53.266337 
     -35.602318 
    -138.747273 
     115.171362 
      -1.966983 
     -81.507326 
     -25.031694 
      80.586075 
     107.962459 
     -27.850282 
     -17.093832 
       8.855971 
      51.052553 
     -35.066082 
     -55.472083 
     -64.138411 
      13.684004 
    -109.784032 
       0.000000 
       0.000000 
       0.000000 
      51.275992 
    -146.254488 
     -41.509089 
       0.000000 
       0.000000 
       0.000000 
      -2.304686 
      30.440859 
     -36.837555 
     -52.537697 
      34.524226 
      -2.937853 
      -0.382041 
       1.625486 
      -1.163189 
     -71.182902 
     163.424684 
     144.808431 
       0.000000 
       0.000000 
       0.000000 
     -31.297206 
     -43.659077 
     -31.985960 
     -21.875219 
      81.318648 
      -5.401654 
     -18.923381 
      26.955556 
     -89.104620 
      -7.914000 
    -100.692951 
    -180.406677 
     -66.156432 
    -113.200651 
      16.144880 
     -18.557229 
     -26.159792 
      59.689101 
     121.281728 
    -173.081489 
    -141.825631 
     -40.098818 
     -46.336240 
     -35.564406 
     -52.868495 
      77.114384 
      21.860718 
      26.313569 
     118.824877 
     -51.269949 
      79.618393 
     -15.052333 
     -31.870880 
       0.000000 
       0.000000 
       0.000000 
     145.415813 
      57.820587 
     122.636419 
      -3.868425 
      15.229191 
      52.475247 
     147.351827 
       9.937745 
      81.453239 
      44.928798 
       9.334543 
     -20.103213 
     -27.584784 
       0.157403 
     -16.444354 
     -90.243629 
     105.834952 
      72.629064 
      35.682306 
     -52.636201 
      39.798066 
      18.583688 
      -7.198364 
      18.218390 
       4.853960 
      -5.139060 
       0.614168 
     -18.409770 
    -190.907210 
      17.261648 
     -44.712395 
      82.447891 
      27.232090 
       2.195544 
      -9.375272 
      -3.185643 
     172.182904 
       4.188494 
    -167.991607 
      -1.669070 
      -4.649342 
      -0.668444 
     -51.287479 
      40.749704 
     -73.106463 
     -37.862670 
     -51.172842 
     -21.388909 
     -27.857628 
      24.406905 
      14.782654 
     -13.096246 
     133.085805 
     -26.142104 
      47.659261 
      83.472165 
     -25.571788 
       7.050209 
       4.438617 
      -3.990434 
      94.136495 
     -22.144024 
     -29.777682 
      23.956390 
     -84.030170 
     -17.503086 
      77.099277 
     -42.390182 
     -47.864759 
      -7.392870 
      87.406138 
     -68.345998 
      75.898567 
      11.726990 
       4.970416 
     -13.001619 
    -106.228640 
      65.897680 
     -15.051481 
      42.873553 
      -5.556176 
      26.253392 
      55.406761 
     -52.652634 
      46.759039 
      30.573388 
     -25.238815 
     -19.278688 
      37.798090 
      -7.505849 
     -14.847848 
      17.636037 
     -44.592809 
      54.569181 
      49.470060 
     -68.852013 
      43.130092 
      42.705510 
      36.372434 
     -15.966188 
    -190.770906 
     -41.222338 
       0.000000 
       0.000000 
       0.000000 
     -13.291172 
    -113.222771 
       4.235715 
     -89.550308 
     -35.241920 
      82.347869 
       0.000000 
       0.000000 
       0.000000 
       0.000000 
       0.000000 
       0.000000 
       7.356006 
      -6.053798 
       0.434576 
      48.663379 
     -76.534353 
      97.045425 
       9.796722 
      99.509871 
     -51.215463 
       9.294691 
      55.800523 
     -45.428820 
     -73.766943 
     -48.935673 
     117.114651 
      86.530792 
     -94.207128 
     -80.389240 
      19.970182 
       3.665347 
     -15.685943 
      -5.081011 
       1.203487 
     -10.109328 
    -160.353762 
     -27.686310 
     -58.425077 
     -16.752681 
      57.871678 
      41.491807 
     -20.766695 
     262.401993 
     134.329722 
     110.587513 
     -81.854462 
    -151.772070 
     160.384539 
    -112.435640 
      27.862638 
     -37.766548 
     -52.111165 
      -1.555783 
      -2.964404 
     -43.627815 
      49.069612 
    -135.621709 
      15.042020 
    -106.129884 
      90.192299 
      17.651464 
      -0.798920 
      17.180157 
     -16.538544 
      22.017829 
     -40.876455 
      21.951588 
      15.366358 
     -11.264265 
      76.470649 
     -83.526969 
       1.381533 
      31.127980 
     109.924003 
     114.720089 
      31.091612 
    -144.118534 
     -41.492206 
     -27.350441 
     -67.016276 
       0.000000 
       0.000000 
       0.000000 
     -24.912897 
      -5.801633 
     130.430132 
      -5.980157 
       7.645366 
       6.816571 
    -105.235795 
     -33.370711 
      -9.850256 
     -16.947391 
    -114.691562 
      56.973812 
    -183.444720 
      62.624531 
     -15.307962 
     -15.691375 
     -48.141906 
    -108.443972 
     -15.716006 
     -89.714673 
     -24.315892 
       0.000000 
       0.000000 
       0.000000 
     -26.376323 
      62.209618 
    -190.600004 
      12.875983 
     -26.569722 
      28.645189 
     -28.647591 
      21.404466 
     -28.717014 
      53.671216 
      43.664287 
    -138.739135 
     -24.192339 
     -25.362153 
       2.462120 
    -125.141682 
      77.782549 
     121.987065 
      16.995905 
      -0.462417 
       2.471869 
     -27.217140 
     -31.539547 
     -14.826119 
     -15.482964 
     -14.770845 
      36.690537 
      44.033919 
      -3.438118 
      99.273896 
      -4.051861 
      16.273314 
      26.011612 
      35.623484 
       3.052945 
      22.949755 
     390.745767 
     110.672443 
     214.368448 
       5.429151 
    -111.326839 
      20.232145 
      37.908828 
      72.360428 
     -46.252406 
      60.016196 
    -103.665023 
      11.078529 
     -39.068349 
      14.265029 
      25.371707 
       7.437878 
      44.429820 
      -1.028142 
      44.791679 
     -60.920315 
     -22.257478 
     -15.382005 
     -96.929277 
     -11.717738 
      20.073617 
      16.321053 
     -11.614286 
     -52.768076 
      29.754357 
      -0.784089 
      75.169812 
     -13.058968 
     -42.317288 
       0.381147 
       5.389618 
       1.644523 
      27.391007 
      93.033547 
     -34.057336 
      16.564011 
     -10.639509 
     154.469692 
    -105.323238 
      69.660055 
     144.667868 
     128.669154 
    -118.919259 
     100.841120 
     -84.434191 
      52.599258 
     -31.146802 
     -83.454130 
      54.951155 
     162.284601 
     168.186101 
     -31.472324 
       1.702432 
      63.726193 
     -12.241850 
      33.277846 
     -13.465338 
     -21.710597 
     -27.261049 
       0.000000 
       0.000000 
       0.000000 
      26.587824 
    -212.822620 
      39.578074 
     -33.807571 
      17.180772 
      20.043305 
      26.162523 
     -57.639801 
      34.334662 
       4.560312 
      -4.507814 
     -59.451937 
     -43.684463 
     -88.307593 
     -43.149935 
     204.749019 
     -27.867082 
      33.717416 
      24.192339 
      25.362153 
      -2.462120 
    -170.676435 
    -270.605276 
     -36.332712 
      11.594344 
      45.975778 
     187.954999 
      20.309999 
     -51.456399 
     -11.111842 
      -2.682774 
       4.841955 
      -7.878414 
    -111.965243 
      73.248947 
     148.204383 
    -109.765586 
      83.738323 
     -41.168919 
       1.037043 
      60.810202 
      20.403488 
      70.768531 
     105.342606 
      -2.996769 
     -25.781259 
      35.897253 
     213.784964 
     -46.350063 
      22.009077 
      34.181699 
     -44.505766 
      40.961778 
     -41.908109 
      45.937454 
      56.607700 
      -0.904513 
      -4.484525 
      32.874198 
      66.229716 
     -50.360675 
      67.378088 
      77.953530 
      67.048378 
      27.259455 
    -184.273040 
     -68.004721 
     256.181258 
      55.263317 
     138.243800 
     -35.027542 
      24.797234 
     158.390254 
    -184.199128 
      79.509065 
       0.000000 
       0.000000 
       0.000000 
      -3.768000 
     -45.495198 
      -2.612659 
     -10.868331 
      17.505889 
     -24.701008 
    -118.989561 
     -45.687779 
     -80.368790 
      95.830047 
      50.434954 
      48.572698 
    -146.817653 
     -20.424216 
    -197.884877 
      15.378475 
     -10.853537 
       7.585499 
       0.000000 
       0.000000 
       0.000000 
       0.000000 
       0.000000 
       0.000000 
     -23.096964 
     117.416303 
      46.790835 
     -32.912673 
      11.601136 
     -25.018041 
     -76.118067 
     -78.239096 
     -93.309227 
     -27.911295 
       3.405179 
      12.219566 
     127.197570 
      89.532873 
     122.620400 
      14.941647 
      -1.873776 
      -9.389536 
     -52.295711 
    -137.866392 
      -8.185356 
     -11.557551 
     -61.940772 
     -14.720071 
     159.050265 
      33.288172 
    -117.601747 
    -129.662239 
    -122.249055 
      64.304909 
      70.847680 
      47.479147 
    -100.654068 
      66.939724 
     -18.160594 
      13.042674 
    -138.025077 
     -53.807640 
     -13.252086 
       7.177117 
      46.179718 
      -2.196479 
       0.000000 
       0.000000 
       0.000000 
       0.000000 
       0.000000 
       0.000000 
    -233.427371 
     129.942858 
      -4.988814 
